ID,Time,lat,lon,alt_AGL_ft,speed_kts,heading_deg,dh_fpm,alt_MSL_ft
263,0,42.2991389258519,-71.2232961543437,1901.70465044378,63.16527301022745,0.0,-237.0310052995958,2029.46124864742
263,1,42.2989970016136,-71.2236410356177,1894.92414994779,63.36860738002285,0.0,-237.03100545726252,2025.51273135096
263,2,42.2988546194464,-71.2239870255784,1888.13044400614,63.57194174981885,0.0,-237.03100561341867,2021.56476669014
263,3,42.2987117638452,-71.2243341618631,1881.65797113584,63.77527611961484,0.0,-211.92312011033334,2017.95214840397
263,4,42.2985684464855,-71.22468241606,1875.25581311079,63.97861048941083,0.0,-211.92312024725874,2014.42377019301
263,5,42.2984246712386,-71.2250317787222,1868.84033107474,64.18194485920682,0.0,-211.9231203828844,2010.89596062154
263,6,42.2982804380957,-71.2253822498314,1862.41148515995,64.38527922900282,0.0,-211.92312051722564,2007.36872499809
263,7,42.2981357470478,-71.2257338293692,1855.96923538783,64.58861359879822,0.0,-211.9231206502976,2003.84206866473
263,8,42.2979906717949,-71.226086338217,1848.15707726975,64.79194796859422,0.0,-333.68687724718774,1998.95804366469
263,9,42.2978451769222,-71.2264398623918,1839.66076663556,64.99528233839021,0.0,-333.6868774531209,1993.40316046774
263,10,42.2976992237398,-71.2267944958643,1831.15093036555,65.19861670818621,0.0,-333.6868776571264,1987.84887178987
263,11,42.2975528122408,-71.227150238611,1822.62752800352,65.40195107798219,0.0,-333.68687785922873,1982.29518303275
263,12,42.2974059424179,-71.2275070906086,1814.09051897845,65.60528544777759,0.0,-333.68687805944813,1976.74209962785
263,13,42.297258594751,-71.2278650992442,1805.84247971238,65.8086198175736,0.0,-310.9619980272159,1971.49264157191
263,14,42.2971107839414,-71.2282242287563,1797.65638802396,66.01195418736958,0.0,-310.96199821030393,1966.3195348829
263,15,42.2969625148664,-71.2285844672531,1789.45656732053,66.21528855716558,0.0,-310.96199839170475,1961.14705007896
263,16,42.2968138272989,-71.2289457180619,1780.64144469457,66.41862292696156,0.0,-357.56456442485194,1955.37284658104
263,17,42.2966645054377,-71.2293085054448,1772.47246933889,66.83038067771882,0.0,-357.5644462518702,1949.42492477223
263,18,42.2965143999412,-71.2296731921738,1765.6713093986,67.0536657483994,0.0,-357.5645662032425,1943.47766824067
263,19,42.2963638387038,-71.230038981561,1758.96693019102,67.25343628202214,0.0,-357.564566392116,1937.5310587585
263,20,42.2962128270058,-71.2304058607366,1752.36025455252,67.45320681564488,0.0,-357.5645665793105,1931.58510179073
263,21,42.2960613648401,-71.2307738296769,1745.85217617265,67.65297734926763,0.0,-357.56456676484567,1925.63980282471
263,22,42.2959093557027,-71.2311431227899,1741.22121120209,67.85274788289037,0.0,-180.32016159940667,1921.47304988652
263,23,42.2957568393782,-71.2315136433735,1737.94405282589,68.05251841651311,0.0,-180.32016169114254,1918.48317314312
263,24,42.2956037426489,-71.231885569249,1734.85360119595,68.39742222291706,0.0,-180.3201269561987,1915.4939866811
263,25,42.2954498372886,-71.2322594547943,1731.87721676408,68.75845194851894,0.0,-180.3201274831755,1912.50552280992
263,26,42.295295119658,-71.2326353087747,1729.01671174328,69.11948167412139,0.0,-180.32012800191137,1909.51779188216
263,27,42.2951395897402,-71.2330131311551,1726.27391141071,69.48051139972327,0.0,-180.32012851257562,1906.5308040604
263,28,42.2949831151647,-71.2333932434186,1725.46662720207,69.95047467235304,0.0,5.254074654263271e-15,1905.36018894985
263,29,42.2948255435146,-71.2337760157226,1725.97168248101,70.43254167243133,0.0,1.2393879699508276e-46,1905.38010770828
263,30,42.2946668880143,-71.2341614158359,1726.6017983384,70.91460867250903,0.0,2.7300009705774397e-78,1905.40083999187
263,31,42.2945071486374,-71.2345494437188,1727.35947284273,71.39667567258675,0.0,5.617787368562086e-110,1905.42239969224
263,32,42.2943463253571,-71.2349400993315,1728.24722114084,71.87874267266446,0.0,1.0804744697238615e-141,1905.44480080903
263,33,42.2941844181464,-71.2353333826337,1729.26757542466,72.36080967274215,0.0,1.9431552564912864e-173,1905.46805741638
263,34,42.2940214269783,-71.235729293585,1730.42308498381,72.84287667282045,0.0,3.2691790662989515e-205,1905.49218371511
263,35,42.2938573518253,-71.2361278321447,1731.71631616137,73.32494367289816,0.0,5.147543096728311e-237,1905.51719398797
263,36,42.2936921926602,-71.2365289982717,1733.14985234301,73.80701067297586,0.0,7.58893235593214e-269,1905.5431025885
263,37,42.2935259494551,-71.2369327919249,1734.72629400223,74.28907767305357,0.0,1.0480153380251405e-300,1905.56992398575
263,38,42.2933590525502,-71.2373381677554,1738.67235830103,74.3372843730613,0.0,254.77577560965938,1907.82630296424
263,39,42.2931921997223,-71.2377434309027,1745.97029389281,74.3372843730613,0.0,254.77577560965938,1912.10098584369
263,40,42.2930253455257,-71.2381486917452,1753.9348924755,74.3372843730613,0.0,254.77577560965938,1916.3764195852
263,41,42.2928584899606,-71.238553950283,1761.70216349347,74.3372843730613,0.0,254.77577560965938,1920.65260416642
263,42,42.2926916330268,-71.2389592065162,1769.27210621386,74.3372843730613,0.0,254.77577560965938,1924.92953960225
263,43,42.2925247747244,-71.2393644604445,1776.64471988899,74.3372843730613,0.0,254.77577560965938,1929.20722589269
263,44,42.2923579150535,-71.2397697120682,1783.82000376815,74.3372843730613,0.0,254.77577560965938,1933.48566303402
263,45,42.2921910540141,-71.240174961387,1790.79795709643,74.3372843730613,0.0,254.77577560965938,1937.76485101879
263,46,42.2920242695333,-71.2405800191507,1798.98290523077,74.3372843730613,0.0,376.1695727174279,1943.45023754239
263,47,42.2918575194478,-71.2409849877619,1807.58799227831,74.3372843730613,0.0,376.1695727174279,1949.75413319841
263,48,42.2916907680282,-71.2413899539931,1815.9960149572,74.3372843730613,0.0,376.1695727174279,1956.05877868086
263,49,42.2915239037507,-71.2417951886727,1821.84479470689,74.3372843730613,0.0,21.57622842907172,1960.00078786537
263,50,42.2913569386729,-71.2422006625022,1823.62710410839,74.3372843730613,0.0,0.0,1960.07344747335
263,51,42.2911899720747,-71.2426061343885,1825.17588954139,74.3372843730613,0.0,0.0,1960.11089854315
263,52,42.2910230040387,-71.2430116041317,1826.52710938068,74.3372843730613,0.0,0.0,1960.14910133183
263,53,42.2908560345649,-71.2434170717315,1827.68076264458,74.3372843730613,0.0,0.0,1960.18805584684
263,54,42.2906889335569,-71.2438228531068,1828.63751624777,74.4820846062106,0.0,0.0,1960.22779331356
263,55,42.2905214733407,-71.2442295011071,1829.39780577272,74.64297375415376,0.0,0.0,1960.26837116852
263,56,42.2903536502932,-71.244637024494,1829.96036651723,74.80386290209692,0.0,0.0,1960.30979517475
263,57,42.2901854644052,-71.2450454232535,1830.32390812439,74.96475205004008,0.0,0.0,1960.35207021981
263,58,42.2900169156671,-71.2454546973717,1830.48713746737,75.12564119798384,0.0,0.0,1960.39520122111
263,59,42.2898480040697,-71.2458648468343,1830.19535224277,75.286530345927,0.0,0.0,1960.43919311836
263,60,42.2896787296034,-71.2462758716273,1826.77980044867,75.44741949387016,0.0,0.0,1960.48405082896
263,61,42.289509092259,-71.2466877717366,1823.39730360992,75.60830864181331,0.0,0.0,1960.52977932617
263,62,42.2893390972104,-71.2471005345618,1820.0482215559,75.76342868885294,0.0,0.0,1960.57638211548
263,63,42.28916875352,-71.2475141380631,1816.73298493955,75.91790772468134,0.0,0.0,1960.62386155501
263,64,42.2889980613224,-71.2479285818773,1813.45184570101,76.07238676050913,0.0,0.0,1960.6722223796
263,65,42.2888270206087,-71.2483438659906,1810.20505345063,76.22686579633752,0.0,0.0,1960.72146938741
263,66,42.2886556313696,-71.2487599903893,1806.99285830201,76.38134483216533,0.0,0.0,1960.77160738036
263,67,42.2884838935959,-71.2491769550597,1803.81551086124,76.5358238679937,0.0,0.0,1960.82264115289
263,68,42.2883118072786,-71.2495947599881,1800.67326227869,76.69030290382152,0.0,0.0,1960.87457554415
263,69,42.2881393724084,-71.2500134051606,1797.56636417871,76.84478193964989,0.0,0.0,1960.92741536722
263,70,42.287966588976,-71.2504328905633,1794.49506872264,76.99926097547768,0.0,0.0,1960.98116547242
263,71,42.287793581904,-71.2508529128785,1791.46180375996,77.01470887906088,0.0,0.0,1961.03579096869
263,72,42.2876205698191,-71.2512729413179,1788.47048475884,77.01470887906088,0.0,0.0,1961.09122439474
263,73,42.2874475561915,-71.2516929674563,1785.81797288001,77.01470887906088,0.0,0.0,1961.14746467397
263,74,42.2872745410213,-71.2521129912938,1783.85403112001,77.01470887906088,0.0,0.0,1961.20451180264
263,75,42.2871015243084,-71.2525330128302,1781.87717378327,77.01470887906088,0.0,0.0,1961.26236577332
263,76,42.2869281562094,-71.2529538813401,1779.88336441847,77.40401728603453,0.0,0.0,1961.32114602998
263,77,42.2867538244831,-71.2533770830317,1777.86541473103,77.83658218267263,0.0,0.0,1961.38106933981
263,78,42.2865785193854,-71.2538026414569,1775.82299397859,78.26914707931074,0.0,0.0,1961.44215267897
263,79,42.2864022408901,-71.2542305565764,1774.03527587833,78.70171197594826,0.0,0.0,1961.50440982357
263,80,42.2862249889708,-71.2546608283508,1773.89108611747,79.13427687258637,0.0,0.0,1961.56785462424
263,81,42.2860467636008,-71.2550934567401,1773.84867961924,79.56684176922388,0.0,0.0,1961.6325010024
263,82,42.2858675647534,-71.2555284417045,1773.909739475,79.999406665862,0.0,0.0,1961.69836297631
263,83,42.2856873924017,-71.2559657832038,1774.07595793673,80.4319715625001,0.0,0.0,1961.76545460895
263,84,42.2855062465188,-71.2564054811975,1774.34903647319,80.86453645913763,0.0,0.0,1961.83379006386
263,85,42.2853241270774,-71.2568475356451,1774.7306857403,81.29710135577572,0.0,0.0,1961.90338357538
263,86,42.2851410340502,-71.2572919465057,1775.22262558892,81.72966625241324,0.0,0.0,1961.97424945608
263,87,42.2849570533472,-71.2577385051521,1775.82627748061,82.06660905724537,0.0,0.0,1962.04636818543
263,88,42.2847723353353,-71.2581868465232,1776.54259705098,82.39292718521025,0.0,0.0,1962.11969286948
263,89,42.2845868823807,-71.2586369647934,1777.37289325944,82.71924531317512,0.0,0.0,1962.19423353299
263,90,42.2844006944624,-71.2590888599316,1778.31848740276,83.04556344113999,0.0,0.0,1962.27000115439
263,91,42.2842137715594,-71.259542531906,1779.38070604088,83.37188156910427,0.0,0.0,1962.34700678289
263,92,42.2840261136505,-71.2599979806852,1780.56088094846,83.69819969706914,0.0,0.0,1962.42526149005
263,93,42.283837774508,-71.260455075683,1781.85996169582,83.96466565983354,0.0,0.0,1962.5047535561
263,94,42.2836488482515,-71.2609135884007,1783.27845614515,84.22448138202009,0.0,0.0,1962.58545288444
263,95,42.2834593363583,-71.2613735151866,1784.81742629357,84.48429710420665,0.0,0.0,1962.66736774892
263,96,42.2832692388114,-71.2618348560149,1786.47794733483,84.74411282639319,0.0,0.0,1962.75050710142
263,97,42.2830785555935,-71.2622976108602,1788.26109776487,85.00392854857974,0.0,0.0,1962.83487990126
263,98,42.2828872866877,-71.2627617796966,1788.8816922417,85.26374427076631,0.0,0.0,1962.92049516737
263,99,42.2826954320766,-71.2632273624985,1788.38174634541,85.52355999295226,0.0,0.0,1963.00736190006
263,100,42.282502991743,-71.2636943592399,1787.68628353277,85.7833757151388,0.0,0.0,1963.0954891704
263,101,42.2823099656697,-71.264162769895,1786.79353436838,86.04319143732536,0.0,0.0,1963.18488605693
263,102,42.2821163538392,-71.2646325944376,1785.70172402331,86.30300715951192,0.0,0.0,1963.2755616568
263,103,42.2819221562341,-71.2651038328417,1784.40907230424,86.56282288169847,0.0,0.0,1963.36752511561
263,104,42.281727372837,-71.2655764850811,1782.9137936201,86.82263860388501,0.0,0.0,1963.46078559384
263,105,42.2815318467171,-71.2660509318787,1781.21265139861,87.25701995453795,0.0,0.0,1963.55542865023
263,106,42.2813353032512,-71.2665278395075,1779.30055213035,87.7107974861318,0.0,0.0,1963.6516010724
263,107,42.2811377380496,-71.267007218498,1777.17430475597,88.16457501772504,0.0,0.0,1963.74932117015
263,108,42.2809391510813,-71.2674890688034,1774.83073747727,88.6183525493189,0.0,0.0,1963.84860521555
263,109,42.2807395423151,-71.2679733903772,1772.26666210249,89.07213008091276,0.0,0.0,1963.9494695738
263,110,42.2805389117196,-71.2684601831723,1769.47887403487,89.52590761250599,0.0,0.0,1964.05193069205
263,111,42.2803372592634,-71.2689494471416,1766.46415227559,89.97968514409985,0.0,0.0,1964.15600510314
263,112,42.2801345849146,-71.2694411822375,1763.21925942734,90.4334626756931,0.0,0.0,1964.26170942932
263,113,42.2799309273444,-71.2699352945327,1762.14936628299,90.88724020728695,0.0,241.24581529748662,1966.77678303421
263,114,42.2797262829849,-71.2704317925561,1762.4565395255,91.34101773888078,0.0,241.24581589436895,1970.90652225167
263,115,42.2795207032999,-71.2709305513334,1764.92636347399,91.79479527047404,0.0,407.0807832857986,1976.90593963489
263,116,42.2793141452451,-71.2714316751676,1770.54940308152,92.24857280206787,0.0,407.08078426467074,1983.80289998651
263,117,42.2791065641604,-71.2719352722751,1776.50343552728,92.7025128935993,0.0,407.08078515172895,1990.7015729323
263,118,42.2788979597676,-71.2724413432025,1782.78055309099,93.15647104734616,0.0,407.08078610328596,1997.60197573528
263,119,42.278688217716,-71.2729501652008,1786.15632692387,93.61042920109298,0.0,-0.005781590713474959,2001.5440877974
263,120,42.278477366086,-71.2734616699972,1785.76731992393,94.06438735483984,0.0,-4.088851359156442e-36,2001.66342534497
263,121,42.278265491867,-71.2739756464628,1785.43923521144,94.51834550858669,0.0,-2.755375785179098e-69,2001.7845559977
263,122,42.2780529623386,-71.2744912035231,1785.17337755747,94.56374132396118,0.0,0.0,2001.90727443248
263,123,42.2778404202839,-71.2750067818631,1784.97084759346,94.56374132396118,0.0,0.0,2002.03121517226
263,124,42.2776278759061,-71.2755223567318,1784.83166000408,94.56374132396118,0.0,0.0,2002.15637236461
263,125,42.2774153292052,-71.2760379281291,1784.75581518046,94.56374132396118,0.0,0.0,2002.28274600953
263,126,42.2772027801813,-71.2765534960552,1784.74331350629,94.56374132396118,0.0,0.0,2002.41033609957
263,127,42.2769902288344,-71.2770690605098,1784.79415537258,94.56374132396118,0.0,0.0,2002.53914263472
263,128,42.2767776751647,-71.277584621493,1784.90834117778,94.56374132396118,0.0,0.0,2002.66916562244
263,129,42.2765651191721,-71.2781001790047,1785.08587130909,94.56374132396118,0.0,0.0,2002.80040505901
263,130,42.2763522705213,-71.2786164372386,1785.32711848519,94.88665328543173,0.0,0.0,2002.93304269388
263,131,42.2761386211104,-71.2791346285114,1785.63314672815,95.24544435373268,0.0,0.0,2003.06740451977
263,132,42.275924140548,-71.27965482643,1789.05806474199,95.62903703117743,0.0,0.0,2003.20352366567
263,133,42.2757087897814,-71.2801771256025,1792.68066815514,96.01538544297183,0.0,0.0,2003.34143958613
263,134,42.2754925681624,-71.2807015274883,1796.29773114822,96.40173385476564,0.0,0.0,2003.48116779327
263,135,42.2752754293128,-71.2812281444512,1799.90977912836,96.83962899784964,0.0,0.0,2003.62275381014
263,136,42.2750573824358,-71.2817569540525,1803.51640229477,97.18277592251187,0.0,0.0,2003.7662075609
263,137,42.2748385843194,-71.2822875759389,1807.11477308532,97.51475888795137,0.0,0.0,2003.91144045815
263,138,42.2746190374481,-71.2828200039865,1810.7046381754,97.84674185339028,0.0,0.0,2004.05846402794
263,139,42.2743987417967,-71.2833542381575,1814.2857851761,98.17872481882921,0.0,0.0,2004.20729151741
263,140,42.2741776908056,-71.2838902942598,1817.85810623969,98.51797449315877,0.0,0.0,2004.3579406701
263,141,42.2739558730139,-71.284428199985,1821.4215687927,98.85803157958709,0.0,0.0,2004.51043282077
263,142,42.273733288214,-71.2849679557343,1824.9759559532,99.19808866601542,0.0,0.0,2004.66478177905
263,143,42.2735099363798,-71.2855095614682,1828.52104715368,99.53814575244375,0.0,0.0,2004.821001295
263,144,42.2732858174851,-71.2860530171475,1832.05662105288,99.87820283887207,0.0,0.0,2004.97910515219
263,145,42.2730610370355,-71.2865980668398,1835.58080611545,100.10090669170404,0.0,0.0,2005.13903177902
263,146,42.2728357796915,-71.287144262702,1839.09054177656,100.3105712963587,0.0,0.0,2005.30066006631
263,147,42.2726100483682,-71.2876915976014,1841.82136456797,100.52023590101336,0.0,0.0,2005.46399650723
263,148,42.2723838430493,-71.2882400715134,1843.19292429243,100.72990050566801,0.0,0.0,2005.62904969603
263,149,42.2721571637184,-71.2887896844134,1844.66279274863,100.93956511032269,0.0,0.0,2005.79582824185
263,150,42.2719300103591,-71.2893404362767,1846.23156665562,101.14922971497734,0.0,0.0,2005.96434076875
263,151,42.2717023435199,-71.2898924226894,1847.90014134516,101.402743690381,0.0,0.0,2006.13462553546
263,152,42.2714740941707,-71.2904458109427,1849.66971590628,101.6611298180904,0.0,0.0,2006.3067441918
263,153,42.2712452611958,-71.2910006036616,1851.54103845994,101.91951594579919,0.0,0.0,2006.48070825264
263,154,42.2710158445747,-71.2915568008157,1853.51485123327,102.17790207350858,0.0,0.0,2006.65652845427
263,155,42.2707858442869,-71.292114402374,1855.54275821666,102.43628820121795,0.0,0.0,2006.83421554789
263,156,42.2705552603121,-71.2926734083057,1857.33096576924,102.69467432892735,0.0,0.0,2007.0137803331
263,157,42.2703240926295,-71.2932338185798,1858.9661748503,102.95306045663614,0.0,0.0,2007.1952336058
263,158,42.2700923412187,-71.2937956331655,1860.4471953708,103.21144658434552,0.0,0.0,2007.37858622521
263,159,42.2698600060588,-71.2943588520315,1861.77283420987,103.4698327120549,0.0,0.0,2007.56384905055
263,160,42.2696270871293,-71.2949234751467,1862.94189525209,103.7282188397643,0.0,0.0,2007.7510329783
263,161,42.2693935844093,-71.2954895024799,1863.95317937996,103.98660496747308,0.0,0.0,2007.94014893472
263,162,42.2691594978781,-71.2960569339997,1864.71745299839,104.24499109518248,0.0,0.0,2008.13120786473
263,163,42.2689248275147,-71.2966257696747,1865.18562285278,104.50337722289186,0.0,0.0,2008.32422074676
263,164,42.2686895732983,-71.2971960094735,1865.49184759933,104.76176335060124,0.0,0.0,2008.51919859275
263,165,42.2684537352079,-71.2977676533644,1865.63491610104,105.02014947831003,0.0,0.0,2008.71615242586
263,166,42.268217522397,-71.298340194316,1865.61370596784,105.04598809108114,0.0,0.0,2008.91491663083
263,167,42.2679813009123,-71.2989127450648,1865.42785427797,105.04598809108114,0.0,0.0,2009.11518678814
263,168,42.2677450765642,-71.2994852915274,1865.07735836758,105.04598809108114,0.0,0.0,2009.31695802137
263,169,42.2675088493527,-71.3000578337037,1864.5622170856,105.04598809108114,0.0,0.0,2009.52023033425
263,170,42.267272619278,-71.3006303715936,1863.88242928106,105.04598809108114,0.0,0.0,2009.72500373051
263,171,42.2670363863401,-71.3012029051971,1863.03799378845,105.04598809108114,0.0,0.0,2009.93127819896
263,172,42.266800150539,-71.3017754345141,1862.02890946835,105.04598809108114,0.0,0.0,2010.13905375451
263,173,42.266563911875,-71.3023479595444,1860.85517515924,105.04598809108114,0.0,0.0,2010.34833038971
263,174,42.266327670348,-71.3029204802882,1859.51678971111,105.04598809108114,0.0,0.0,2010.55910810828
263,175,42.2660914259581,-71.3034929967453,1858.0137519591,105.04598809108114,0.0,0.0,2010.77138689905
263,176,42.2658551787054,-71.3040655089156,1856.34606075709,105.04598809108114,0.0,0.0,2010.98516676947
263,177,42.26561892859,-71.304638016799,1855.72370983728,105.04598809108114,0.0,0.0,2011.20044772699
263,178,42.2653826756119,-71.3052105203955,1855.52260353592,105.04598809108114,0.0,0.0,2011.41722976044
263,179,42.2651464197713,-71.3057830197051,1855.5146745559,105.04598809108114,0.0,0.0,2011.63551286981
263,180,42.2649101610683,-71.3063555147276,1855.69992423572,105.04598809108114,0.0,0.0,2011.85529706255
263,181,42.2646738995028,-71.3069280054631,1856.07835390619,105.04598809108114,0.0,0.0,2012.07658233866
263,182,42.264437635075,-71.3075004919113,1856.64996489051,105.04598809108114,0.0,0.0,2012.2993686907
263,183,42.264201367785,-71.3080729740724,1857.41475851923,105.04598809108114,0.0,0.0,2012.52365611866
263,184,42.2639650976328,-71.3086454519461,1858.3727361374,105.04598809108114,0.0,0.0,2012.74944463745
263,185,42.2637288246185,-71.3092179255325,1859.52389905257,105.04598809108114,0.0,0.0,2012.97673422471
263,186,42.2634925487422,-71.3097903948314,1860.86824861692,105.04598809108114,0.0,0.0,2013.20552490279
263,187,42.263256270004,-71.3103628598428,1862.40578613766,105.04598809108114,0.0,0.0,2013.43581664935
263,188,42.2630199884039,-71.3109353205667,1864.13651295905,105.04598809108114,0.0,0.0,2013.66760947928
263,189,42.262783703942,-71.3115077770029,1866.06043041372,105.04598809108114,0.0,0.0,2013.90090339631
263,190,42.2625474166185,-71.3120802291515,1868.17753981951,105.04598809108114,0.0,0.0,2014.13569838926
263,191,42.2623111264334,-71.3126526770123,1869.2472736776,105.04598809108114,0.0,0.0,2014.37199446186
263,192,42.2620748333867,-71.3132251205852,1867.86636930783,105.04598809108114,0.0,0.0,2014.60979161412
263,193,42.2618350952659,-71.3137949281835,1866.4170614794,105.04598809108114,-2.031228910456225,8.073510368158358e-16,2014.84907485917
263,194,42.2615692691133,-71.3143432395021,1864.8592988652,105.04598809108114,-5.552281828183187,-1.153358624022618e-16,2015.08925002441
263,195,42.2612921669549,-71.3148813810166,1860.58517207541,105.04598809108114,-5.7189654866855575,-254.86623282325408,2012.70045063272
263,196,42.2610147200955,-71.3154191043088,1854.62381961998,105.04598809108114,-5.722663229229788,-254.86623282325408,2008.69525838643
263,197,42.2607372635841,-71.3159568165356,1848.59347181329,105.04598809108114,-5.722703481113906,-254.86623282325408,2004.69156653062
263,198,42.2604597775158,-71.3164945754458,1843.36500889509,105.04598809108114,-5.72270387384954,-188.16015520308352,2001.56044922024
263,199,42.2601822815108,-71.317032343775,1838.30821650262,105.04598809108114,-5.722703876482808,-188.16015520308352,1998.67155837268
263,200,42.2599047828941,-71.3175701075366,1833.18242328627,105.04598809108114,-5.7227038765115195,-188.16015520308352,1995.78416871652
263,201,42.2596273886347,-71.318107661648,1825.42615276823,105.04598809108114,-5.722703876511835,-433.30013799233114,1990.33590524644
263,202,42.2593500637913,-71.318645072935,1816.07810116767,105.04598809108114,-5.72270387651184,-433.30013799233114,1983.36568519101
263,203,42.2590727362312,-71.3191824798698,1806.66113601342,105.04598809108114,-5.72270387651184,-433.30013799233114,1976.39696439728
263,204,42.2587953077854,-71.3197200709986,1799.12568484573,105.04598809108114,-5.72270387651184,-265.95078905419524,1971.38107047975
263,205,42.2585178367237,-71.3202577343607,1792.35885309144,105.04598809108114,-5.72270387651184,-265.95078905419524,1967.20463450998
263,206,42.2582403087501,-71.3207954960501,1788.22375436531,105.04598809108114,-5.72270387651184,0.0,1965.73093530536
263,207,42.2579627545265,-71.3213332974851,1786.99967766514,105.04598809108114,-5.72270387651184,-7.36643205332308e-123,1965.99009070545
263,208,42.2576819688287,-71.321868014294,1786.04627863539,105.04598809108114,-7.7236984792201815,4.498098633688231e-15,1966.25053642318
263,209,42.2573764248929,-71.3223773302918,1785.19340738849,105.04598809108114,-12.50914108841306,4.498098633688231e-15,1966.51024303958
263,210,42.2570400735429,-71.3228501514483,1784.42284274507,105.04598809108114,-17.359560113156082,4.498098633688231e-15,1966.76695531234
263,211,42.2566752249023,-71.3232829887348,1783.74199699595,105.04598809108114,-22.21017236309825,-2.883396560056556e-15,1967.01882611588
263,212,42.2562832278846,-71.3236703142668,1783.14260067358,105.04598809108114,-27.834795523081475,4.498098633688231e-15,1967.26353983209
263,213,42.2558640890301,-71.3240021312121,1782.59420387013,105.04598809108114,-33.693851295308235,4.498098633688231e-15,1967.49755555019
263,214,42.2554238245951,-71.3242799164737,1778.96252492556,105.04598809108114,-38.439910417473065,-253.52045443828126,1964.59791142121
263,215,42.2549697868933,-71.3245145366519,1775.18141549189,105.04598809108114,-41.48807599317648,-171.09859445389233,1961.49723308906
263,216,42.2545045273544,-71.3247075807748,1770.59711712969,105.429083864501,-46.943947128326876,-267.396293596957,1957.56532137096
263,217,42.2540253288506,-71.324837163656,1765.46665477127,105.85474583496745,-52.78128687816229,-267.3962939472316,1953.29346951097
263,218,42.2535369854666,-71.324900763198,1759.80610477195,106.21605370966796,-58.609817465932416,-267.3963074687153,1949.0021251291
263,219,42.2530447258935,-71.3248973110276,1753.95970576375,106.5702111292833,-64.43021169447022,-267.3963076661947,1944.68939584121
263,220,42.2525536308502,-71.3248264914585,1747.98774339285,106.92436854889806,-70.2422934754332,-267.39630786171136,1940.3536853753
263,221,42.2520687067111,-71.3246890844801,1741.95189456469,107.27852596851342,-75.93335699894955,-267.3963080552965,1935.99379682913
263,222,42.2515946258397,-71.3244874066285,1735.9123979799,107.63268338812878,-81.5719251007165,-267.3963082469723,1931.60916884989
263,223,42.2511360531443,-71.324223144319,1729.92308483917,107.98684080774412,-87.210396961949,-267.39630843676434,1927.19900098816
263,224,42.2506974130591,-71.3238983505078,1724.0313259217,108.42755791794744,-92.84830673657757,-267.39629105697526,1922.76268319786
263,225,42.2502828834179,-71.3235155499268,1718.27675392782,108.87789277154928,-98.48576538614759,-267.396291438216,1918.29983682558
263,226,42.2498967008614,-71.3230779899327,1712.69082462483,109.32822762515171,-104.12326090565199,-267.3962918147539,1913.81030830368
263,227,42.2495429289202,-71.3225895731278,1707.29490449559,109.72795623498966,-109.76113690378942,-267.3963026993668,1909.29421436414
263,228,42.2492253765056,-71.3220548235248,1702.09927111638,110.12206192885401,-115.39933030585473,-267.3963029460964,1904.75195447356
263,229,42.2489473981776,-71.3214786152755,1697.10244888208,110.51616762271838,-121.03755643670225,-267.39630319019,1900.18417897448
263,230,42.2487106125761,-71.3208673701014,1690.88969533326,110.91027331658275,-126.4505696269113,-372.6491156075416,1894.19158113375
263,231,42.2485185056045,-71.3202257736872,1681.75229376577,111.30437901044711,-132.08413941329792,-372.64911594069963,1887.82253218815
263,232,42.248362634749,-71.3195634453507,1673.71646740268,111.76385432393076,-134.3067494398957,-216.7454985581525,1883.0205427967
263,233,42.2482316927954,-71.318888495066,1666.43868010938,112.23059292848289,-139.214532205566,-216.74549887221258,1879.22195282578
263,234,42.2481443156882,-71.3181983132485,1655.82139396046,112.6973315330356,-143.9575588692066,-479.66472309835945,1872.18992144242
263,235,42.2481034683273,-71.3174976441456,1644.07256334954,113.16407013758834,-149.53551566989316,-479.66472377723676,1863.97461649403
263,236,42.2481018165554,-71.3167914258069,1634.31219984632,113.63080874214046,-151.48536330293052,-289.6134786227184,1857.58960033581
263,237,42.2481173521399,-71.3160829384042,1626.90292168623,113.87892526869236,-154.4991769734242,-216.88003106081575,1853.43752298132
263,238,42.2481727225921,-71.3153768422861,1620.16836662087,114.1027504532441,-160.0433372453638,-216.88003109367455,1849.57386585325
263,239,42.2482794053968,-71.314680079441,1614.06501342938,114.32657563779586,-165.68471941927007,-216.880031126341,1845.69822023436
263,240,42.2484329115887,-71.3139980708544,1606.25578552915,114.55040082234761,-170.5673914850017,-407.75535413634884,1839.35464706272
263,241,42.2486236160829,-71.3133315518973,1599.67480944327,114.77422600689876,-173.4617607391758,-299.7468454408616,1833.46265169978
263,242,42.2488468809713,-71.3126822162044,1594.52715423036,114.9980511914505,-178.80736273761767,-299.7468454852359,1828.1884781979
263,243,42.2491164146838,-71.3120639158472,1588.39389329922,115.22187637600226,-184.43588632135803,-299.74684552935173,1822.91097198054
263,244,42.2494302963142,-71.3114830293652,1582.2858406649,115.44570156055401,-190.0597608442758,-299.74684557320955,1817.63277403638
263,245,42.249785634038,-71.3109452756997,1577.01712772939,115.66952674510576,-195.67900057811303,-299.74684561681397,1812.35661303252
263,246,42.2501791326346,-71.3104559667119,1572.59162310421,115.8933519296575,-201.2936197255241,-299.7468456601659,1807.08520195633
263,247,42.2506070648871,-71.3100200180424,1569.00698751055,116.0762524185821,-206.90433958374592,-299.7468497662462,1801.82124970108
263,248,42.2510634570827,-71.3096365472132,1566.18602321176,116.4705056992143,-210.82267528710534,-299.74681816739167,1796.56636926532
263,249,42.2515336847356,-71.3092787262435,1566.60765243458,116.88874786652562,-211.88048719993805,-1.698565073365382e-13,1794.20131256059
263,250,42.2520120808612,-71.3089359217886,1569.33994904392,117.21214865298982,-214.30773765611144,5.788706414384465e-16,1793.95156524703
263,251,42.2525027828138,-71.3086216698,1572.44136412613,117.5250115082486,-216.9524814287793,5.804157638834081e-16,1793.70862066373
263,252,42.2530050774553,-71.3083374950072,1575.91979969051,117.83787436350796,-219.60014893168835,5.819608863283727e-16,1793.47317032516
263,253,42.2535179478687,-71.3080841802123,1579.77350394496,118.15073721876674,-222.2478557465083,-1.492082775639692e-15,1793.24576878175
263,254,42.2540403453828,-71.3078624361803,1584.00013785523,118.4636000740261,-224.89556387778188,5.850511312182988e-16,1793.02695421875
263,255,42.2545710121421,-71.3076729733354,1585.9064481854,118.67438498252257,-227.54372275532242,5.860921256594819e-16,1792.81732070819
263,256,42.2551081784964,-71.3075149588448,1584.21404129456,118.87382789693447,-230.1611623530883,-286.13888485803466,1789.4588200748
263,257,42.2556508934062,-71.3073907900682,1579.04074723614,119.07327081134636,-232.82114441673508,-474.92829452754427,1782.22704848275
263,258,42.2561977155739,-71.3073001068554,1570.5135800791,119.27271372575885,-235.45527895525075,-722.607320723528,1771.29001467302
263,259,42.2567478767169,-71.3072446896652,1561.04178895625,119.47215664017075,-238.11766581179333,-722.6073207911897,1759.07906808704
263,260,42.2573002798431,-71.3072234955797,1551.86461897706,119.67159955458263,-240.75852762436782,-722.6073208585118,1746.8796222657
263,261,42.2578537490716,-71.3072366068039,1542.94414095433,119.87104246899453,-243.39910246756594,-722.6073209254974,1734.69202979654
263,262,42.2584071074538,-71.3072841103634,1534.24220914614,120.07048538340642,-246.0396864433297,-722.6073209921491,1722.51664079726
263,263,42.2589591743366,-71.3073660211223,1525.72018796498,120.26992829781831,-248.6802836841522,-722.6073210584683,1710.35378072783
263,264,42.2595087678463,-71.3074822804243,1517.33930093511,120.4693712122302,-251.3208942067815,-722.6073211244582,1698.2037493363
263,265,42.2600547074186,-71.3076327559497,1509.06098791635,120.6688141266421,-253.96151796971606,-722.6073211901198,1686.06681987643
263,266,42.2605958574418,-71.3078183513825,1500.6725937918,121.0213306232203,-256.8922769085719,-736.1650863370555,1673.76278375089
263,267,42.2611304940605,-71.3080432510521,1492.29120486358,121.39085529559489,-259.99941700991343,-736.1650867559763,1661.42892706767
263,268,42.2616578563695,-71.3083061804073,1480.66456879083,122.38086109476545,-263.0762933253162,-1024.5795568964502,1645.85577752814
263,269,42.2621758252417,-71.3086162316034,1467.49411798554,123.43980924135812,-267.6772498054922,-1024.5795701086506,1628.74867467582
263,270,42.2626749397048,-71.3089916338975,1454.07112362997,124.49875738795016,-273.1097916077835,-1024.5795829834988,1611.66785730422
263,271,42.2631502694548,-71.3094312856975,1439.34993811114,125.66873068365142,-278.3357719071177,-1079.1573164171868,1593.86229857802
263,272,42.2636005549776,-71.3099282588031,1424.31484686782,126.85104010703215,-281.7204556418977,-1079.157334292653,1575.92443745211
263,273,42.2640452532539,-71.3104471074565,1411.99649345459,128.03334953041227,-281.87156288339935,-797.9192507949037,1560.97092761099
263,274,42.2644943331873,-71.310971471667,1402.17917354958,129.2156589537924,-281.8715628833999,-714.0977225279477,1548.82333861664
263,275,42.2649474220179,-71.3115005246551,1392.35696308457,130.0000326174605,-281.8715628833999,-713.4494619607394,1536.98827532679
263,276,42.2654015637068,-71.3120308173016,1382.20920915745,130.0000326174605,-281.8715628833999,-713.4494619610483,1525.16390065476
263,277,42.265855703422,-71.3125611181584,1371.02705601223,130.0000326174605,-281.8715628833999,-713.4494619610483,1513.34182115644
263,278,42.2663098411632,-71.3130914272257,1353.69805525653,130.0000326174605,-281.8715628833999,-713.4494619610483,1501.52203683928
263,279,42.2667639769304,-71.3136217445034,1335.18794740337,130.0000326174605,-281.8715628833999,-713.4494619610483,1489.70454770327
263,280,42.2672181107233,-71.3141520699916,1315.49671268716,130.0000326174605,-281.8715628833999,-713.4494619610483,1477.88935374841
263,281,42.2676722425418,-71.3146824036906,1294.62433135036,130.0000326174605,-281.8715628833999,-713.4494619610483,1466.07645498216
263,282,42.2681263723856,-71.3152127456003,1272.57078363622,130.0000326174605,-281.8715628833999,-713.4494619610483,1454.26585141197
263,283,42.2685805002547,-71.3157430957209,1249.33604977406,130.0000326174605,-281.8715628833999,-713.4494619610483,1442.45754303038
263,284,42.2690346261487,-71.3162734540525,1224.92011001569,130.0000326174605,-281.8715628833999,-713.4494619610483,1430.6515298523
263,285,42.2694887500675,-71.3168038205952,1199.32294460312,130.0000326174605,-281.8715628833999,-713.4494619610483,1418.84781188145
263,286,42.269942872011,-71.317334195349,1172.54453377122,130.0000326174605,-281.8715628833999,-713.4494619610483,1407.04638911411
263,287,42.2703969919789,-71.3178645783142,1144.58485776377,130.0000326174605,-281.8715628833999,-713.4494619610483,1395.247261554
263,288,42.2708511099712,-71.3183949694907,1115.69078209646,130.0000326174605,-281.8715628833999,-713.4494619610483,1383.45042921603
263,289,42.2713052259875,-71.3189253688787,1092.91707696412,130.0000326174605,-281.8715628833999,-713.4494619610483,1371.65589208528
263,290,42.2717593400277,-71.3194557764783,1071.35171026771,130.0000326174605,-281.8715628833999,-713.4494619610483,1359.8636501804
263,291,42.2722133350272,-71.3199860616373,1050.01795330149,130.0000326174605,-281.8715628833999,-787.5028296958493,1347.0950146988
263,292,42.2726670874168,-71.320516085195,1028.08341972364,130.0000326174605,-281.8715628833999,-911.0734897715846,1332.51674217731
263,293,42.2731207693922,-71.3210460401364,1011.36038952693,130.0000326174605,-281.8715628833999,-911.0734897715846,1317.43755377084
263,294,42.2735744495379,-71.3215760034418,1001.80238721021,130.0000326174605,-281.8715628833999,-911.0734897715846,1302.3606563732
263,295,42.274028128058,-71.3221059753412,992.361708015845,130.0000326174605,-281.8715628833999,-910.9678701334121,1287.28745833784
263,296,42.274481804799,-71.3226359556622,983.037295863547,130.0000326174605,-281.8715628833999,-910.9678701334121,1272.2169033587
